<?xml version="1.0"?>
<opencv_storage>
<Distortion type_id="opencv-matrix">
  <rows>5</rows>
  <cols>1</cols>
  <dt>f</dt>
  <data>
    8.05854052e-002 -7.14505017e-001 -6.48253085e-003 -9.19834990e-003
    1.03033161e+000</data></Distortion>
</opencv_storage>
