<?xml version="1.0"?>
<opencv_storage>
<Intrinsics type_id="opencv-matrix">
  <rows>3</rows>
  <cols>3</cols>
  <dt>f</dt>
  <data>
    7.00053772e+002 0. 3.60408630e+002 0. 7.00132385e+002
    2.31417267e+002 0. 0. 1.</data></Intrinsics>
</opencv_storage>
